FICHIER DES IDs EXTRAITS - Run 20260812_134434
Date : 2026-08-12T13:44:34.833813
Durée extraction : 136.1 sec
Total KB : 10 | Total Forums : 996
=======================================================

--- KNOWLEDGE BASE ---
  cat_60 (8 items) : 167588, 167523, 167383, 167115, 167152, 167087, 167116, 167084
  cat_61 (1 items) : 167548
  cat_62 (1 items) : 167117

--- FORUMS ---
  cat_25 (141 items) : 167641, 167595, 167621, 167543, 167373, 167624, 167636, 167609, 167606, 167615, 167278, 167401, 167585, 167391, 167591, 167592, 167593, 167393, 167580, 167457, 166663, 167447, 167472, 167557, 167536, 167554, 167504, 167493, 167532, 167405, 166940, 167541, 167510, 167455, 167538, 167522, 167440, 167443, 167509, 166942, 167064, 166830, 167486, 167497, 167466, 167387, 167376, 167133, 167232, 167442, 167441, 167415, 167425, 167276, 167128, 167402, 167408, 167341, 167392, 167389, 167388, 167322, 167348, 167301, 167321, 167350, 167351, 167252, 167324, 167328, 167314, 167180, 167035, 167316, 167313, 166712, 167228, 167176, 167224, 167215, 166590, 167210, 167177, 167171, 167122, 167130, 167142, 167139, 166798, 166772, 167136, 167044, 166998, 167068, 167121, 167118, 167106, 167103, 166919, 167031, 167076, 167074, 167075, 167077, 167065, 166946, 167034, 167029, 166880, 166878, 166869, 166587, 166856, 166947, 166658, 166911, 166874, 166902, 166903, 166719, 166881, 166818, 166844, 166571, 166733, 166827, 166781, 166614, 166768, 166670, 166727, 166696, 166692, 166659, 166628, 166589, 166583, 166554, 166541, 166549, 166528
  cat_26 (28 items) : 167619, 167055, 167461, 167428, 167306, 167421, 167390, 167380, 167360, 167216, 167236, 167241, 167057, 167149, 167052, 166989, 167080, 167062, 167026, 166980, 166829, 166726, 166782, 166592, 166676, 166691, 166679, 166635
  cat_28 (46 items) : 166609, 167365, 167578, 167573, 167471, 167257, 167414, 167489, 167533, 167526, 167458, 167492, 167386, 167490, 167478, 167163, 167433, 167312, 167263, 167274, 167217, 167198, 167161, 166986, 167037, 167093, 166806, 167091, 167038, 166809, 167006, 166815, 166808, 166914, 166912, 166896, 166861, 166716, 166831, 166640, 166531, 166532, 166684, 166648, 166568, 166552
  cat_29 (68 items) : 167648, 167625, 167622, 167607, 167604, 167563, 166656, 167546, 167521, 167544, 167519, 167436, 167480, 167279, 166673, 166596, 167449, 167096, 167364, 166599, 166667, 167374, 166780, 167349, 167258, 167153, 167264, 167292, 167169, 167299, 167266, 166872, 166932, 167203, 167207, 167107, 167185, 167123, 167154, 167048, 167095, 166814, 167092, 166657, 167036, 167012, 166988, 166755, 166909, 166918, 166848, 166792, 166807, 166791, 166688, 166776, 166762, 166728, 166723, 166637, 166668, 166672, 166530, 166577, 166607, 166580, 166567, 166551
  cat_30 (25 items) : 167199, 167385, 167550, 167530, 167340, 167476, 167333, 167179, 167308, 167245, 167249, 166975, 166963, 167063, 166619, 167024, 166801, 166574, 166779, 166742, 166743, 166521, 166581, 166573, 166523
  cat_31 (2 items) : 166754, 166730
  cat_32 (133 items) : 167643, 167638, 167598, 167500, 167520, 167560, 167529, 167569, 167462, 167567, 166669, 167553, 167431, 167160, 167339, 167518, 167496, 167307, 167419, 167494, 167025, 167201, 167469, 167451, 167417, 167424, 167009, 166887, 167132, 166547, 166677, 167395, 167400, 167214, 167353, 167371, 167244, 167326, 166873, 167181, 167028, 167305, 167202, 167182, 167222, 167083, 167226, 167047, 166920, 166863, 167060, 167131, 166921, 167189, 167172, 166837, 167147, 167119, 167151, 167120, 167054, 166938, 167110, 167015, 167071, 167070, 167073, 167019, 166970, 167014, 166941, 166997, 166993, 167011, 166992, 166917, 166985, 166870, 166945, 166757, 166876, 166950, 166842, 166928, 166931, 166879, 166865, 166789, 166875, 166857, 166718, 166850, 166788, 166868, 166786, 166542, 166813, 166836, 166847, 166665, 166832, 166833, 166819, 166822, 166810, 166662, 166680, 166647, 166612, 166694, 166783, 166682, 166566, 166765, 166605, 166655, 166702, 166695, 166678, 166519, 166558, 166671, 166675, 166643, 166623, 166632, 166584, 166522, 166536, 166533, 166538, 166524, 166527
  cat_33 (20 items) : 166877, 167562, 167508, 166651, 166976, 167411, 167551, 167512, 167439, 167004, 167422, 167311, 166944, 167127, 166601, 166595, 166922, 166700, 166633, 166565
  cat_34 (40 items) : 167639, 167356, 167603, 167599, 167566, 167247, 167552, 167485, 167502, 167537, 167481, 166958, 167377, 166889, 167193, 167394, 166703, 167220, 167269, 167399, 167367, 167397, 167334, 167357, 167239, 167141, 167300, 167192, 167166, 167165, 166939, 166965, 166858, 166717, 166744, 166664, 166630, 166642, 166562, 166526
  cat_35 (46 items) : 167647, 167208, 167568, 167470, 167584, 167358, 167159, 167559, 167506, 166960, 167403, 167501, 167479, 167474, 167275, 166610, 167294, 167108, 166711, 167213, 167140, 166774, 167250, 167242, 167212, 166760, 167155, 167157, 166611, 166824, 166991, 167000, 166949, 166885, 166840, 166758, 166629, 166766, 166741, 166732, 166715, 166707, 166689, 166546, 166600, 166545
  cat_36 (29 items) : 167556, 167558, 167547, 167513, 167498, 167475, 167468, 167437, 167366, 167280, 166984, 167282, 167290, 167286, 167178, 167162, 167158, 167056, 167032, 166729, 166690, 166771, 166560, 166738, 166770, 166681, 166557, 166634, 166579
  cat_39 (33 items) : 167629, 167452, 167511, 167549, 167413, 167514, 167572, 167109, 167495, 167412, 167370, 167338, 167287, 167267, 167271, 167211, 167043, 167223, 167194, 166778, 167148, 167039, 167059, 166904, 166882, 166839, 166773, 166769, 166641, 166626, 166660, 166645, 166555
  cat_46 (24 items) : 167649, 167525, 167605, 167600, 167268, 167587, 167460, 167354, 166978, 167246, 167251, 167218, 167206, 167219, 167086, 166926, 166866, 166761, 166971, 166608, 166867, 166795, 166720, 166537
  cat_48 (37 items) : 167627, 167616, 167602, 167531, 166777, 167527, 167477, 167453, 167432, 167429, 167378, 167323, 167335, 167336, 167196, 167197, 167259, 166734, 167066, 167237, 167010, 167126, 166962, 166927, 166851, 166982, 166990, 166906, 166603, 166602, 166759, 166747, 166646, 166585, 166569, 166525, 166520
  cat_49 (34 items) : 167637, 167630, 167347, 167612, 167594, 167586, 167030, 167464, 167319, 167302, 167332, 167262, 167256, 167484, 167430, 167231, 167191, 167101, 166649, 167023, 166994, 167100, 166826, 167053, 166606, 167022, 167027, 166955, 166933, 166838, 166860, 166593, 166790, 166862
  cat_51 (10 items) : 167582, 167565, 167420, 167156, 167082, 166996, 166905, 166828, 166739, 166740
  cat_52 (13 items) : 167631, 167626, 166846, 167467, 167446, 167444, 167253, 166937, 166588, 166859, 166925, 166888, 166803
  cat_53 (31 items) : 167505, 167632, 167608, 167205, 167583, 167482, 167454, 167363, 167343, 167284, 167303, 167227, 167248, 166787, 166796, 167233, 167175, 167085, 167072, 166951, 166835, 166823, 166756, 166737, 166706, 166701, 166697, 166693, 166687, 166578, 166563
  cat_54 (14 items) : 167642, 167634, 167418, 167524, 167574, 166935, 167273, 167058, 167021, 166816, 166683, 166784, 166698, 166572
  cat_57 (29 items) : 167590, 167571, 167597, 167570, 167564, 167491, 167545, 167539, 167503, 167483, 167090, 167463, 167398, 167381, 167346, 167317, 167209, 167051, 167229, 167124, 167088, 166981, 166853, 166812, 166745, 166713, 166644, 166622, 166620
  cat_118 (59 items) : 167640, 167596, 167623, 167168, 167361, 167555, 167318, 167456, 167426, 167438, 167379, 167427, 167368, 166618, 167404, 167372, 167362, 167352, 166936, 167007, 167081, 166968, 166964, 166969, 166966, 167146, 167134, 166845, 167173, 167164, 167008, 166559, 166661, 166794, 166841, 166576, 166653, 166995, 167099, 166802, 166890, 166894, 166699, 166556, 166725, 166598, 166804, 166805, 166763, 166764, 166636, 166709, 166705, 166550, 166604, 166625, 166624, 166575, 166570
  cat_120 (4 items) : 167167, 167137, 166899, 166799
  cat_121 (1 items) : 167102
  cat_133 (23 items) : 167272, 167540, 167270, 167304, 167238, 167337, 166929, 167261, 167260, 167230, 167183, 167184, 166750, 167104, 166977, 166983, 166825, 166948, 166943, 166621, 166748, 166540, 166615
  cat_134 (37 items) : 167628, 167579, 167613, 167610, 167601, 167327, 166564, 166884, 167465, 167561, 166736, 166731, 166735, 166987, 166539, 167445, 167289, 167200, 167240, 167094, 167150, 166553, 166586, 166617, 166627, 166871, 166907, 166908, 167135, 167265, 167129, 167145, 167089, 166886, 166650, 166639, 166616
  cat_138 (14 items) : 167575, 167487, 167499, 167459, 167359, 167382, 167342, 166686, 167320, 167045, 166775, 166714, 166534, 166535
  cat_142 (31 items) : 167645, 167617, 167635, 167589, 167581, 167423, 167033, 166979, 167295, 167293, 167170, 167190, 166582, 167097, 167105, 167001, 166915, 166924, 166854, 166923, 166930, 166901, 166864, 166900, 166674, 166883, 166785, 166708, 166704, 166613, 166529
  cat_151 (24 items) : 167473, 167396, 166916, 167329, 167285, 167235, 167078, 166852, 167049, 166721, 166913, 167013, 167020, 167017, 167016, 166800, 166767, 166959, 166957, 166724, 166722, 166746, 166561, 166685